


W





W





W





W


1.000000 0.000000 0.000000 0.000000
angle : 0.000000
q_vector: nan nan nan

0.997859 0.065403 0.000000 0.000000
angle : 3.749984
q_vector: 1.998938 0.000000 0.000000

0.989322 0.130247 -0.064844 0.008537
angle : 8.380448
q_vector: 1.782540 -0.887441 0.116834

0.980785 0.195090 0.000000 -0.000000
angle : 11.249991
q_vector: 1.990371 0.000000 -0.000000

0.963858 0.258265 0.063175 -0.016928
angle : 15.451190
q_vector: 1.921201 0.469948 -0.125922

0.938829 0.318690 0.123599 -0.041956
angle : 20.144166
q_vector: 1.822260 0.706737 -0.239905

0.906128 0.375330 0.180240 -0.074658
angle : 25.024429
q_vector: 1.732445 0.831950 -0.344605

0.889200 0.438505 0.117065 -0.057730
angle : 27.227128
q_vector: 1.863027 0.497363 -0.245272

0.889200 0.438505 0.117065 -0.057730
angle : 27.227113
q_vector: 1.863029 0.497363 -0.245272

0.894952 0.441342 0.058658 -0.028927
angle : 26.497673
q_vector: 1.925738 0.255948 -0.126220

0.896873 0.442289 -0.000000 0.000000
angle : 26.249999
q_vector: 1.947754 -0.000000 0.000000

0.894952 0.441342 -0.058658 0.028927
angle : 26.497673
q_vector: 1.925738 -0.255948 0.126220

0.889200 0.438505 -0.117065 0.057730
angle : 27.227128
q_vector: 1.863028 -0.497363 0.245272

0.879640 0.433790 -0.174971 0.086286
angle : 28.401085
q_vector: 1.768288 -0.713247 0.351734

0.879640 0.433790 -0.174971 0.086286
angle : 28.401085
q_vector: 1.768288 -0.713247 0.351734

0.889200 0.438505 -0.117065 0.057730
angle : 27.227128
q_vector: 1.863028 -0.497363 0.245272

0.889200 0.438505 -0.117065 0.057730
angle : 27.227128
q_vector: 1.863028 -0.497363 0.245272

0.894952 0.441342 -0.058658 0.028927
angle : 26.497673
q_vector: 1.925738 -0.255948 0.126220

0.894952 0.441342 -0.058658 0.028927
angle : 26.497673
q_vector: 1.925738 -0.255948 0.126220

0.894952 0.441342 -0.058658 0.028927
angle : 26.497673
q_vector: 1.925738 -0.255948 0.126220




W


0.889200 0.438505 -0.117065 0.057730
angle : 27.227128
q_vector: 1.863028 -0.497363 0.245272

0.889200 0.438505 -0.117065 0.057730
angle : 27.227128
q_vector: 1.863028 -0.497363 0.245272

0.889200 0.438505 -0.117065 0.057730
angle : 27.227128
q_vector: 1.863028 -0.497363 0.245272

0.879640 0.433790 -0.174971 0.086286
angle : 28.401085
q_vector: 1.768288 -0.713247 0.351734

0.866313 0.427218 -0.232128 0.114473
angle : 29.967082
q_vector: 1.652416 -0.897835 0.442763

0.849276 0.418817 -0.288290 0.142169
angle : 31.867016
q_vector: 1.525623 -1.050155 0.517879

0.828602 0.408622 -0.343218 0.169257
angle : 34.044572
q_vector: 1.395834 -1.172420 0.578173

0.804381 0.396677 -0.396677 0.195619
angle : 36.449515
q_vector: 1.268370 -1.268370 0.625491

0.750000 0.433013 -0.433013 0.250000
angle : 41.409631
q_vector: 1.224745 -1.224745 0.707107

0.720074 0.415735 -0.481138 0.277785
angle : 43.939431
q_vector: 1.111245 -1.286065 0.742510

0.687064 0.396677 -0.527203 0.304381
angle : 46.601843
q_vector: 1.002823 -1.332800 0.769493

0.625132 0.417700 -0.548226 0.366313
angle : 51.308133
q_vector: 0.964806 -1.266296 0.846113

0.587938 0.392848 -0.587938 0.392848
angle : 53.989196
q_vector: 0.865481 -1.295284 0.865481

0.523094 0.401384 -0.596475 0.457691
angle : 58.459969
q_vector: 0.821976 -1.221492 0.937284

0.482963 0.370591 -0.629409 0.482963
angle : 61.120909
q_vector: 0.728867 -1.237905 0.949878

0.417700 0.366313 -0.625132 0.548226
angle : 65.310558
q_vector: 0.678881 -1.158546 1.016018

0.353553 0.353553 -0.612372 0.612373
angle : 69.295192
q_vector: 0.621876 -1.077120 1.077121

0.291621 0.332530 -0.591349 0.674305
angle : 73.044964
q_vector: 0.558745 -0.993634 1.133022

0.232963 0.303603 -0.562422 0.732963
angle : 76.528431
q_vector: 0.490245 -0.908174 1.183556

0.178582 0.267267 -0.526086 0.787344
angle : 79.712817
q_vector: 0.417041 -0.820899 1.228563

0.129409 0.224144 -0.482963 0.836516
angle : 82.564531
q_vector: 0.339731 -0.732018 1.267893

0.086286 0.174971 -0.433790 0.879640
angle : 85.050006
q_vector: 0.258867 -0.641785 1.301412

0.049950 0.120590 -0.379409 0.915976
angle : 87.136875
q_vector: 0.174966 -0.550490 1.329002

0.041956 0.123599 -0.318689 0.938829
angle : 87.595378
q_vector: 0.178582 -0.460458 1.356466

