
0.000000 -0.603139 0.603139 0.522333





0.000000 -0.650478 0.575376 0.496159





0.000000 -0.734140 0.515178 0.442839





0.000000 -0.802458 0.452640 0.388991





0.000000 -0.857390 0.389666 0.336596





0.000000 -0.851103 0.405235 0.334253





0.000000 -0.842485 0.426728 0.329483





0.000000 -0.830683 0.454212 0.321245





0.000000 -0.816339 0.488314 0.308832





0.000000 -0.828964 0.456579 0.323294





0.000000 -0.838689 0.431261 0.333211





0.000000 -0.784396 0.487570 0.382802





0.000000 -0.791958 0.469897 0.390338





0.000000 -0.723515 0.528975 0.443398





0.000000 -0.686364 0.552767 0.472425





0.000000 -0.679988 0.564908 0.466960





0.000000 -0.670866 0.583698 0.456941





0.000000 -0.742491 0.531875 0.406858





0.000000 -0.802398 0.477740 0.357935





0.000000 -0.851854 0.422133 0.310818





0.000000 -0.859811 0.399517 0.318293





0.000000 -0.865700 0.382721 0.323051





0.000000 -0.843450 0.407630 0.350373





0.000000 -0.836827 0.423294 0.347555





0.000000 -0.827482 0.444909 0.341989





0.000000 -0.873490 0.387593 0.294697





0.000000 -0.910541 0.329815 0.249876





0.000000 -0.901239 0.358134 0.244791





0.000000 -0.908836 0.332740 0.251578





0.000000 -0.871463 0.390447 0.297604





0.000000 -0.878025 0.370308 0.303264





0.000000 -0.882941 0.355565 0.306739





0.000000 -0.876586 0.372716 0.304642




